183004000
196301000
202201000
203401000
218601000
225201000
251701000
252301000
253501000
267401000
268702000
275301000
276601000
277901000
280601000
289801000
291201000
293902000
329502000
330702000
337302000
337902000
337902000
344002000
344602000
399301000
399301000
400601000
401901000
402001000
403201000
403301000
404601000
405901000
407201000
409902000
411201000
416502000
417802000
419102000
423102000
424402000
428402000
429002000
436302000
437602000
438902000
440202000
444202000
445502000
446802000
458702000
470401000
472502000
473101000
477101000
478402000
479701000
479801000
482401000
483602000
483801000
485001000
485001000
487601000
487701000
495601000
496801000
498201000
498301000
498301000
503401000
503601000
504901000
506101000
506201000
507301000
507501000
508701000
510101000
511301000
511501000
512601000
512601000
512801000
514001000
517901000
519301000
521202000
521402000
522602000
524501000
524701000
525801000
525901000
526001000
526001000
527201000
527301000
529801000
554801000
556802000
563503000
564202000
565402000
566801000
568002000
569401000
572001000
572601000
575901000
586501000
590502000
593102000
599101000
613502000
613602000
614303000
615603000
616902000
618901000
620903000
622102000
622204000
623503000
624801000
626101000
627401000
628701000
628802000
647101000
649902000
651202000
652401000
652501000
655102000
656503000
657701000
657701000
657803000
657803000
661701000
663001000
664402000
665703000
667001000
671002000
672302000
673501000
673602000
674901000
676302000
677602000
678801000
678903000
682701000
686803000
688101000
690601000
693301000
693403000
694601000
694702000
697301000
699202000
699402000
705902000
711902000
713202000
714402000
714503000
714503000
715703000
718302000
721701000
726202000
726402000
726402000
734903000
734903000
735604000
736802000
741402000
742203000
742702000
743402000
745503000
756702000
757902000
758501000
759202000
761202000
764502000
773702000
776502000
777802000
782901000
787601000
790801000
794302000
794802000
795602000
800101000
808002000
809301000
812001000
813302000
814002000
841101000
841801000
842302000
847501000
850901000
869901000
871403000
873903000
878503000
878702000
883301000
884502000
885203000
885701000
886401000
887101000
887901000
888402000
889201000
895701000
902201000
902902000
904401000
906802000
908201000
914202000
920001000
921503000
924003000
924801000
925501000
928002000
938501000
947702000
949001000
949201000
950503000
988801000
990001000
995201000
998001000
999302000
1001801000
1002001000
1006402000
1006602000
1039401000
1040102000
1042702000
1051901000
1053301000
1054701000
1056002000
1057201000
1058501000
1058701000
1063102000
1065801000
1070402000
1073001000
1073201000
1074401000
1075602000
1077801000
1078301000
1079102000
1081101000
1128401000
1128401000
1128401008
1130401000
1133001000
1201001000
1201001000
1202201000
1207502000
1219501000
1222101000
1223301000
1227301000
1228602000
1229401000
1232601000
1238001000
1238002000
1239902000
1243101000
1243202000
1244401000
1247102000
1247202000
1247702000
1258301000
1259101000
1265701000
1274302000
1274902000
1276801000
1293401000
1294703000
1299801000
1301302000
1303301000
1306402000
1306501000
1306601000
1307701000
1309202000
1309901000
1315801000
1317801000
1320901000
1322401000
1327601000
1328801000
1330301000
1348701000
1349901000
1351402000
1353401000
1356501000
1371001000
1374501000
1380402000
1389001000
1390901000
1392101000
1398701000
1407301000
1412002000
1413201000
1592701000
1596501000
1601901000
1603101000
1617602000
1617801000
1623002000
1625501000
1632101000
1636202000
1640701000
1644102000
1644801000
1645301000
1646601000
1650701000
1652701000
1653201000
1657202000
1661101000
1665203000
1666401000
1673101000
1674301000
1678301000
1678401000
1681601000
1682201000
1686301000
1687501000
1688801000
1697401000
1702101000
1707402000
1708602000
1711202000
1714002000
1720401000
1722602000
1728502000
1729701000
1731001000
1735101000
1741501000
1749401000
1749602000
1750802000
1761302000
1795603000
1812901000
1819501000
1823301000
1833802000
1835901000
1836502000
1837802000
1844402000
1845101000
1845701000
1845801000
1845901000
1846502000
1847001000
1848301000
1851002000
1852301000
1853601000
1853801000
1854901000
1866802000
1872202000
1874701000
1880002000
1915601000
1918301000
1918401000
1919601000
1922202000
1926101000
1930101000
1931402000
1934901000
1939501000
1944801000
1947201000
1947302000
1947401000
1951201000
1952601000
1953901000
1955101000
1957801000
1960602000
1961701000
1961801000
1964502000
1972301000
1973602000
1973802000
1975102000
1975801000
1976201000
1976402000
1978901000
1981501000
1981601000
1981702000
1982901000
1986801000
1989401000
1989502000
1989601000
1993401000
2000001000
2002601000
2003901000
2004001000
2005301000
2007901000
2014501000
2018501000
2022401000
2025101000
2027801000
2092302000
2150302000
2150501000
2151701000
2152902000
2163501000
2164802000
2184601000
2188702000
2190701000
2199103000
2203201000
2205702000
2211801000
2213801000
2220201000
2241302000
2249201000
2249301000
2255801000
2258401000
2262401000
2266301000
2276901000
2277101000
2278301000
2279501000
2281002000
2285501000
2288902000
2290101000
2299301000
2299401000
2302101000
2304601000
2305902000
2306001000
2307202000
2308502000
2310002000
2310702000
2312502000
2316601000
2319102000
2319301000
2321702000
2330901000
2333601000
2334902000
2335001000
2335101000
2337702000
2340201000
2340401000
2341503000
2341601000
2342801000
2348104000
2354701000
2383801000
2385001000
2390301000
2392901000
2393001000
2393801000
2394201000
2394401000
2396901000
2398203000
2399701000
2406103000
2406201000
2408901000
2411401000
2412701000
2427202000
2429803000
2432501000
2447101000
2453601000
2460201000
2460302000
2461502000
2462201000
2468101000
2469401000
2469601000
2483902000
2485201000
2488002000
2489201000
2489401000
2490501000
2493103000
2495801000
2495902000
2497101000
2502401000
2503801000
2505001000
2505101000
2506301000
2507601000
2510301000
2510401000
2510501000
2511601000
2516901000
2518202000
2520901000
2521002000
2522101000
2522301000
2523501000
2526102000
2527401000
2528301000
2528801000
2531401000
2531501000
2532701000
2535302000
2536201000
2538001000
2540701000
2540802000
2541901000
2542002000
2542101000
2543202000
2545902000
2547202000
2547302000
2547401000
2548502000
2549801000
2552502000
2553802000
2556402000
2556502000
2557903000
2560402000
2564301000
2567001000
2568302000
2568502000
2569601000
2570501000
2570901000
2573601000
2574901000
2575001000
2575101000
2575601000
2577502000
2581501000
2582802000
2583001000
2584101000
2584302000
2585403000
2585603000
2586801000
2586902000
2588101000
2588201000
2589401000
2589601000
2590702000
2594701000
2594803000
2596002000
2597501000
2598602000
2600104000
2606501000
2606702000
2608002000
2609201000
2610502000
2610701000
2611801000
2612001000
2613101000
2614604000
2615802000
2615901000
2617101000
2618601000
2619703000
2621001000
2622401000
2622501000
2623702000
2627601000
2630302000
2630401000
2631602000
2631701000
2631801000
2632901000
2634202000
2634402000
2638201000
2638301000
2639603000
2639701000
2640802000
2641003000
2642101000
2642202000
2644801000
2646101000
2646202000
2646301000
2647402000
2647502000
2647602000
2648702000
2648801000
2648902000
2650201000
2651402000
2651501000
2652702000
2652801000
2652901000
2654002000
2654101000
2654201000
2655302000
2656804000
2658102000
2659301000
2659401000
2660802000
2661902000
2662101000
2663203000
2663303000
2663402000
2664601000
2664703000
2665903000
2667203000
2667302000
2667402000
2668502000
2668603000
2668703000
2669802000
2669902000
2670002000
2672501000
2672602000
2673802000
2673902000
2674001000
2675102000
2675202000
2675301000
2676602000
2677801000
2679101000
2679202000
2680401000
2683002000
2684301000
2687001000
2688301000
2688501000
2689602000
2689701000
2689802000
2690902000
2691001000
2691102000
2692301000
2692403000
2693602000
2693702000
2694901000
2695002000
2696202000
2696301000
2697501000
2697601000
2697703000
2700201000
2701501000
2704102000
2722602000
2725201000
2725301000
2726501000
2726601000
2727901000
2728002000
2729402000
2730501000
2730701000
2731802000
2734602000
2735801000
2735902000
2737102000
2738402000
2739701000
2739902000
2741001000
2741202000
2742401000
2742502000
2743701000
2746302000
2747601000
2750301000
2751601000
2752902000
2753101000
2754201000
2754402000
2758201000
2759502000
2762101000
2763501000
2763601000
2764801000
2764901000
2767402000
2768701000
2775301000
2778001000
2779301000
2779402000
2779402000
2784701000
2788503000
2788601000
2791201000
2791302000
2792502000
2793803000
2795101000
2799201000
2800502000
2801701000
2803001000
2805801000
2807001000
2807101000
2812301000
2813601000
2821503000
3103801000
3105001000
3105101000
3107701000
3114301000
3117501000
3180901000
3234401000
3235101000
3237001000
3241702000
3248801000
3250101000
3339801000
3341001000
3342501000
3345201000
3345201000
3348901000
3353601000
3391101000
3392402000
3401901000
3404301000
3405602000
3405801000
3446502000
3449201000
3453101000
3455801000
3461002000
3464401000
3467602000
3476902000
3482103000
3482201000
3484802000
3490001000
3491401000
3496601000
3503202000
3505901000
3511102000
3512501000
3517702000
3519103000
3524301000
3527001000
3535601000
3535701000
3538801000
3541501000
3546701000
3548101000
3556001000
3556701000
3562602000
3566001000
3569201000
3575701000
3575901000
3577203000
3577801000
3579902000
3581001000
3581101000
3581201000
3582502000
3583601000
3583701000
3588901000
3594201000
3594202000
3599504000
3602102000
3603401000
3604902000
3605402000
3606202000
3610002000
3612803000
3614801000
3615301000
3616601000
3620601000
3623202000
3625902000
3629901000
3631101000
3632601000
3635901000
3637701000
3639001000
3639201000
3640402000
3640504000
3644302000
3645601000
3647102000
3652202000
3653702000
3655002000
3658802000
3660101000
3661501000
3668202000
3669501000
3670701000
3671301000
3673301000
3673501000
3674602000
3674802000
3676001000
3680101000
3682502000
3684001000
3686501000
3687801000
3688002000
3689302000
3689802000
3692601000
3695701000
3696602000
3699701000
3701001000
3702301000
3703601000
3703702000
3703801000
3707602000
3708901000
3716802000
3718202000
3718901000
3723402000
3724802000
3724901000
3726201000
3726801000
3728201000
3730001000
3736601000
3738702000
3739402000
3740702000
3741901000
3744502000
3744601000
3745302000
3746002000
3751102000
3755101000
3755202000
3756403000
3757702000
3759002000
3760402000
3761801000
3765602000
3767002000
3767101000
3773501000
3773602000
3776302000
3777501000
3780101000
3780201000
3781401000
3782901000
3786701000
3788002000
3788202000
3788801000
3794602000
3795402000
3798701000
3799901000
3800001000
3801202000
3802501000
3807901000
3809101000
3809301000
3810601000
3814501000
3815701000
3815902000
3817201000
3824401000
3837001000
3838301000
3843402000
3851501000
3854801000
3856001000
3856803000
3857401000
3857402000
3858603000
3858604000
3858803000
3858804000
3859302000
3859402000
3859901000
3860001000
3860101000
3860702000
3861301000
3861401000
3861902000
3862102000
3866001000
3872601000
3897501000
3899001000
3906201000
3912002000
3921301000
3925201000
3926701000
3934602000
3956201000
3960201000
3960802000
3965602000
4001701000
4001802000
4024102000
4032901000
4038601000
4055301000
4055802000
4055902000
4061101000
4075702000
4080803000
4084301000
4105301000
4113801000
4117101000
4119901000
4121902000
4127002000
4134301000
4186401000
4186501000
4208701000
4281301000
4282702000
4389402000
4417101000
4418601000
4425001000
4431601000
4434301000
4438201000
4440201000
4442201000
4447401000
4469901000
4482401000
4484401000
4491001000
4493001000
4497601000
4505501000
4509503000
4518701000
4526601002
4527901000
4529201000
4530601000
4531201000
4534501000
4543701000
4547701000
4549101000
4551601000
4552302000
4553002000
4555702000
4558901000
4564902000
4576701000
4578001000
4583401000
4584601000
4585902000
4588601000
4589901000
4591202000
4593801000
4595201000
4595902000
4600401000
4604401000
4607001000
4608501000
4609701000
4611001000
4612301000
4613601000
4616301000
4617001000
4617601000
4624201000
4626101000
4626902000
4632002000
4651901000
4652601000
4653201000
4663101000
4669701000
4670301000
4672202000
4673001000
4673601000
4673701000
4678202000
4678301000
4684801000
4687501000
4687601000
4691401000
4695501000
4696801000
4698701000
4700601000
4703901000
4704701000
4708002000
4708601000
4709301000
4711101000
4713802000
4717802000
4720401000
4721802000
4723102000
4724403000
4728303000
4729702000
4737602000
4740301000
4744202000
4744902000
4748002000
4749403000
4752701000
4753402000
4759301000
4762001000
4763901000
4765203000
4765302000
4768701000
4784301000
4803402000
4806101000
4807401000
4810101000
4812702000
4815401000
4815502000
4816101000
4819301000
4820603000
4822002000
4826602000
4841701000
4847701000
4848301000
4852302000
4858901000
4869401000
4870101000
4874801000
4876001000
4878101000
4881301000
4882601000
4885802000
4889201000
4890401000
4891801000
4892501000
4903701000
4905001000
4911002000
4913501000
4915601000
4918202000
4923501000
4928201000
4937301000
4939901000
4940702000
4945903000
4946701000
4949202000
4953801000
4961701000
4963102000
4973503000
4976201000
4977501000
4982801000
4988101000
4990701000
4992001000
4992101000
4997302000
5001301000
5005202000
5006501000
5007801000
5010401000
5017201000
5018402000
5025001000
5038201000
5039501000
5040902000
5043402000
5046201000
5050801000
5051401000
5058001000
5060601000
5077801000
5079101000
5080401000
5088301000
5089601000
5096901000
5102801000
5104201000
5108801000
5115301000
5118001000
5120002000
5134402000
5176701000
5177902000
5179401000
5180501000
5180601000
5191101000
5197801000
5204402000
5212201000
5220801000
5230601000
5242601000
5246501000
5246602000
5247801000
5247901000
5248601000
5251902000
5262302000
5267601000
5268901000
5269701000
5276201000
5290101000
5298702000
5304602000
5305301000
5325703000
5405501000
5411401000
5478501000
